version https://git-lfs.github.com/spec/v1
oid sha256:ddbf43d8301ca8f4011ece9ec4d84e69a07f252474605fa892b08b05a7a487ae
size 251547
