// country_coords.dart
// Country centroids (approximate) for plotting attacks
// Format: "ISO2" : [latitude, longitude]

const Map<String, List<double>> countryCoords = {
  "US": [37.0902, -95.7129],
  "CA": [56.1304, -106.3468],
  "MX": [23.6345, -102.5528],
  "BR": [-14.2350, -51.9253],
  "AR": [-38.4161, -63.6167],
  "CL": [-35.6751, -71.5430],
  "CO": [4.5709, -74.2973],
  "PE": [-9.1899, -75.0152],
  "VE": [6.4238, -66.5897],

  "GB": [55.3781, -3.4360],
  "FR": [46.6034, 1.8883],
  "DE": [51.1657, 10.4515],
  "IT": [41.8719, 12.5674],
  "ES": [40.4637, -3.7492],
  "PT": [39.3999, -8.2245],
  "NL": [52.1326, 5.2913],
  "BE": [50.5039, 4.4699],
  "PL": [51.9194, 19.1451],
  "RU": [61.5240, 105.3188],
  "UA": [48.3794, 31.1656],
  "TR": [38.9637, 35.2433],
  "GR": [39.0742, 21.8243],
  "SE": [60.1282, 18.6435],
  "NO": [60.4720, 8.4689],
  "FI": [61.9241, 25.7482],
  "DK": [56.2639, 9.5018],
  "CH": [46.8182, 8.2275],

  "IN": [20.5937, 78.9629],
  "CN": [35.8617, 104.1954],
  "JP": [36.2048, 138.2529],
  "KR": [35.9078, 127.7669],
  "SG": [1.3521, 103.8198],
  "TH": [15.8700, 100.9925],
  "MY": [4.2105, 101.9758],
  "PH": [12.8797, 121.7740],
  "VN": [14.0583, 108.2772],
  "PK": [30.3753, 69.3451],
  "BD": [23.6850, 90.3563],
  "NP": [28.3949, 84.1240],
  "LK": [7.8731, 80.7718],

  "AU": [-25.2744, 133.7751],
  "NZ": [-40.9006, 174.8860],

  "ZA": [-30.5595, 22.9375],
  "NG": [9.0820, 8.6753],
  "EG": [26.8206, 30.8025],
  "KE": [-0.0236, 37.9062],
  "MA": [31.7917, -7.0926],
  "DZ": [28.0339, 1.6596],
  "ET": [9.1450, 40.4897],
  "GH": [7.9465, -1.0232],
  "UG": [1.3733, 32.2903],

  "SA": [23.8859, 45.0792],
  "AE": [23.4241, 53.8478],
  "IR": [32.4279, 53.6880],
  "IQ": [33.2232, 43.6793],
  "SY": [34.8021, 38.9968],
  "IL": [31.0461, 34.8516],
  "JO": [30.5852, 36.2384],
  "QA": [25.276987, 51.520008],
  "KW": [29.3759, 47.9774],

  // add more if needed…
};
